y
0.5682702174967802
0.5344736994523227
0.7743770086190418
0.5687373005090648
0.13376234387727448
0.33806268160428776
0.29202778240843075
0.6346751517611733
0.36963284947805525
0.6756514708260646
0.6460540291659949
0.3101950028468589
0.5147004864032586
0.36079890818464094
0.7239736044300837
0.3298045553816353
0.4655990719868619
0.4922607373379003
0.5063379527112387
0.45658754634516957
0.4174238602986635
0.6244419013607065
0.7722036040756459
0.33916491853792724
0.4366255343270181
0.16523308407482218
0.5373108349908657
0.7222009736288417
0.3469131030297887
0.13359126709661162
0.5125297661539526
0.31844723914024536
0.3535524194780637
0.23984161107140067
0.3000975211484096
0.5826048050663648
0.3545169122349153
0.2720240081042955
0.19717388365438487
0.4434472415301525
0.4130832538893332
0.5467184938521077
0.47099365608863963
0.45095337793503537
0.5240614726329234
0.6437376601526965
0.49753720466677276
0.35010245897662623
0.47919364249062274
0.370590218024286
0.12308883976175211
0.4297289092682218
0.4754407554016981
0.48536004086167633
0.4622466334620634
0.8510652800096852
0.18951286341900958
0.4952208244672779
0.5343830825642092
0.45313597595422966
0.3693052260414478
0.3765319449643005
0.2436956092763296
0.6887197384768269
0.43932914109771715
0.6975967907848516
0.43832074188412007
0.5506894046673552
0.4112079175676591
0.25811174347022514
0.49048274662331076
0.5751480713673074
0.3170996108521243
0.09557494837094166
0.5255335541105459
0.5169999363567683
0.34685645225061307
0.435240032515211
0.3959987654444552
0.6265472659138929
0.6140763547049862
0.3511938403768772
0.4527540959629318
0.2719720672290773
0.5655727602936795
0.5150198730848812
0.7298997125737892
0.6398963137758906
0.25097397553055806
0.13112573870822747
0.28179032171327223
0.5713401413860768
0.4840628963047254
0.46528400270755876
0.592772009860228
0.4851976422783929
0.08221261629399923
0.4625979178171842
0.6766601069191189
0.647521765385684
0.30641429174266704
0.50774289747528
0.7885929590212211
0.1588430815637739
0.798038150916581
0.28943918667756574
0.7388889591374507
0.4525835530201427
0.5933595341391753
0.22531996267086535
0.24548687197693275
0.8275992813704278
0.5186467718724714
0.1759761821898495
0.31236930137041086
0.2978746405984503
0.15902873155232305
0.5309808567316614
0.40539269014246293
0.5543101937804632
0.31269304584416
0.2607451221616634
0.5125878551718172
0.5942258844440902
0.4149316819132331
0.11150366474657675
0.11923806310657847
0.4242774816167299
0.37328436375991203
0.3396728439517975
0.5085457767959171
0.5919290056412312
0.4899983343716742
0.48605398049322457
0.5365906104671663
0.2574512235681075
0.49664670158464586
0.31134038094854827
0.5015325553670773
0.5704083896069777
0.6525275218833979
0.1052306793572021
0.42598296327067475
0.1280674575060507
0.7262918201193391
0.30477089609295305
0.5087852711416914
0.44955995654218095
0.41962137452912096
0.5307373104002151
0.48913460083453797
0.7280574622855105
0.21613576260736989
0.6410544848515067
0.48118363406137055
0.541338660703579
0.33389417089972595
0.4196239270195461
0.2102128987897317
0.20507219471531302
0.48496637632321893
0.2201234721225459
0.8575083029541966
0.5081847396833485
0.3473691402652622
0.2863801686166984
0.3576468984576743
0.434004309310872
0.37937583692613147
0.6419715592480801
0.567197321820901
0.3096619735284469
0.41621263536033637
0.39480081706935677
0.38434199877849695
0.7436372554064276
0.09694430510356733
0.3531777678570495
0.4811692419306841
0.7105712994451776
0.5739736903235326
0.12476668984181327
0.3714834320388915
0.43501783597925464
0.6684272907770676
0.3453624267333204
0.21365903400499214
0.40488363944234934
0.215509285915006
0.20003999268443257
0.10889211851288738
0.6440605490454907
0.2521251745903199
0.11454079290332997
0.5213738906394826
0.3602853843123837
0.5034357589359891
0.3845145353712344
0.5032766886078153
0.4060683531673472
0.1149318751281776
0.5372585027374586
0.19464283966936125
0.6391091702856759
0.3353899784842746
0.47114813130829397
0.32038767348093106
0.44274602826619885
0.6782699272723263
0.5113337552410202
0.5621782684068377
0.39625552076636683
0.18019004360908242
0.19562315913808132
0.13070525613684014
0.5063142304607879
0.786938080493703
0.4007658257142258
0.17543042605160608
0.37639482418474146
0.3009234033928198
0.18383390996615373
0.5581865028846832
0.5844794556332015
0.4613549144082585
0.35777379426077194
0.2593861750816037
0.5453202391448175
0.3758767445399008
0.5923302972403232
0.2614321864850498
0.3145672414697481
0.7375542134070059
0.1918503783278851
0.640474221212116
0.4389650568667268
0.5039710398856129
0.32728126966078647
0.3597348022534757
0.4172509811252044
0.5829577687293385
0.5057391444895566
0.5340145351355431
0.50690770168734
0.5808919301649407
0.2508557547424218
0.16451292335912743
0.18844370633568402
0.16792518318280025
0.7477417554756212
0.6551134081000594
0.8359479216655934
0.3623980558531269
0.36368128511402753
0.5508214530245586
0.6699726704358491
0.632287632059294
0.5175287034160339
0.6814798375094129
0.36361121014905906
0.41949665686337606
0.3317797692803666
0.43914512826565966
0.22200932433156811
0.5605561935086905
0.36222746424853297
0.5613676403928212
0.641101237595515
0.15629417787318922
0.15768153278642005
0.4025966686956182
0.24816231609804024
0.8587252933406038
0.3373940423294339
0.7414160363735013
0.13837692056040418
0.2662989870006349
0.4280191323717744
0.6891045234366697
0.3718339878397255
0.5089174257406244
0.5613013186774098
0.3627718413773794
0.6033453908501898
0.26261164194462866
0.7533624054845117
0.4146011238085182
0.3421507325827817
0.23540480902147065
0.29130222609540574
0.3272808862312783
0.4381300984877557
0.5471218605383764
0.40738608875463256
0.7417890473942503
0.48957640459279506
0.41151681219514363
0.34829863621210067
0.2128665078996249
0.3712740452184312
0.1924647843040146
0.29718668131427556
0.6047820727658424
0.415873096876727
0.5824398272580589
0.5183030100148429
0.23975341766754021
0.2886485747238154
0.4350595260402162
0.5346282654753292
0.3919390345332967
0.21457787609251172
0.3582933452551697
0.7358260942087622
0.15647296861052679
0.36224813133337325
0.22109508581192566
0.28426316628968973
0.40724368317085136
0.07087015910296024
0.5242471821512918
0.10223901530651613
0.47691595417663074
0.5939011917937889
0.7195931811523302
0.5488166239330454
0.3819161819125229
0.21608351302916518
0.47261158084962707
0.2974314985721713
0.8354652297984397
0.33514448216773823
0.32745156620924626
0.5998218417307324
0.3028042000225577
0.5881175722086256
0.6700406253556028
0.27434024863258333
0.8140711319927325
0.5679142823948262
0.5180862219017547
0.12616542861653557
0.7274874520829268
0.46846957455580035
0.5325703404168263
0.8035670769420636
0.24536243005013253
0.3560067916751903
0.33953807883242376
0.13470570022914813
0.3277938791598369
0.43723020149257485
0.6095927274843795
0.49667010390192784
0.4934200321544515
0.48248152303624936
0.8288247870714436
0.48001215935694186
0.5481673969194247
0.12982293586658317
0.4550205530889095
0.21983485873921566
0.4541629493453876
0.263830324812809
0.3389576636022102
0.5199790543744702
0.5257036692506687
0.3831184897416436
0.5756851855323857
0.49984819442748635
0.5520544070226734
0.3096832273346237
0.35794869416052505
0.16260247428472552
0.5672481145365296
0.39751797352706525
0.26655989908012406
0.31402770629924065
0.4944767846549881
0.4266367215850981
0.2650465155987085
0.38889830750049925
0.5216336565395476
0.5884520421905216
0.3851657401349738
0.2428170187835464
0.4421474307007947
0.6972076780092462
0.25245551764475405
0.7794664257136139
0.31697680675377093
0.41458121834258493
0.3976981196470678
0.699737391736069
0.814317714846001
0.5042223846815431
0.35065171945359347
0.694237142978731
0.8059866709011021
0.33855094470792957
0.18756239764116378
0.19194125733754097
0.4170562273705407
0.30233034194011815
0.5666614416806182
0.5246051347677688
0.4875152807227298
0.34375159718852494
0.35074688431613227
0.3670069660933653
0.19052189021946114
0.5416279122575383
0.5689725521391894
0.8296738706308124
0.7776096061746156
0.4644343128497117
0.27734689140105634
0.6060749354550211
0.17405002456781576
0.35856207191121814
0.5302754803168257
0.4768932886161371
0.38855063829756575
0.5961568961651229
0.5436437517643682
0.6381621665191239
0.36241022400998
0.5016630966623585
0.7254178098987404
0.4272900740132087
0.5543570554084954
0.6191440850079775
0.3685226058675154
0.8539724707589875
0.3949148035564918
0.7251501202999695
0.3160140400474555
0.2947954982318427
0.7485022032235995
0.2382058310490433
0.36484989603343065
0.3410205465664815
0.452023899508473
0.3002812815993216
0.17157641657451522
0.7365967005879828
0.1989660612353676
0.606408550416116
0.1350781020666924
0.36350252396639315
0.4727695233255999
0.2803053101604472
0.4655126178565664
0.6437000998512714
0.624342309120814
0.40420399550895036
0.17678795971240585
0.29513277073695293
0.6305273607576306
0.3528878732020303
0.5048992347240042
0.6022591105573247
0.35720814028570164
0.21487192541763583
0.5514154558005672
0.7580247429534729
0.47815001525726125
0.5623890995518568
0.2891298782669162
0.1163652816149251
0.6250178895918523
0.4939367802272475
0.293087645621016
0.7641549701733077
0.3635797792122769
0.3040516174163855
0.5807319922272185
0.4303849968664355
0.31505972727436965
0.3214595958356251
0.289011569860167
0.603782412067851
0.7448123968491289
0.3951864562720818
0.5452327407484308
0.7727021448577913
0.13492151936607844
0.48821115433328394
0.6482690487375853
0.36609001202021285
0.6479159153571481
0.4975817205625518
0.30885134053921615
0.6725154201948518
0.33500195911428393
0.35228609527017163
0.080774349728862
0.17279284172025933
0.7161344960903171
0.687469573779689
0.27771706822395453
0.34229037775827326
0.7073377663439449
0.1686716745399438
0.36921126244004526
0.5749421236133743
0.33668885886219474
0.8568644644605061
0.47235940619142347
0.5359551675253215
0.7316030896618524
0.46782233546930146
0.5009615108480523
0.5467800644638228
0.19405843259105943
0.2933593941611911
0.3167163177463203
0.3915502543023262
0.7510850633800726
0.5339907248321923
0.30366110408673225
0.17151018083202962
0.1921093870249888
0.3593643256103048
0.36320008733659637
0.5594527694501501
0.379533577867612
0.3091510048645731
0.6291606763954019
0.3809389631506609
0.5340317443614727
0.296540995412799
0.47339260571150754
0.2096506082212024
0.558452560057495
0.4864730387717027
0.4968653539207734
0.5038046865587469
0.7973364854681741
0.4080640466864505
0.5673953588910687
0.2212371396704224
0.3197775834771372
0.623592068373369
0.7290519546366141
0.5716936066790097
0.6344871031650993
0.810846917138097
0.08611503578009638
0.5311920581066827
0.5458133330091715
0.581787530949115
0.232811671452052
0.6389388651669137
0.2535279549010845
0.27057798604147626
0.11639408572276155
0.748061742320474
0.21926018789153057
0.4024882928740133
0.4847698428118241
0.46736837539656634
0.8441591242005124
0.4300117187282528
0.43138395687224934
0.39444691598784803
0.30137078259058686
0.6520595157564895
0.8548552381811276
0.4034632702896218
0.40115582859672916
0.8329841956418487
0.45951784567826764
0.17890075098868302
0.14972175469758908
0.5524301728776501
0.4844656833788916
0.5475003031961648
0.7880632301189565
0.6759421993063102
0.5549825075972376
0.2962849659111372
0.2543489824198072
0.8015264308871564
0.40595632024440664
0.23917297610308325
0.47863212016969553
0.24431376927775017
0.39499689170323776
0.315400158305937
0.4003817740124766
0.5464901563091746
0.8216993466453777
0.29212061757627544
0.5985468497858244
0.5691056901313931
0.6313526211155717
0.4715349141506914
0.6445705278554292
0.2890946607341506
0.6198078535130385
0.48015551373486653
0.3468066933288615
0.5636073226692642
0.47385587290255954
0.4767449643428215
0.4491318516468431
0.6236382531163818
0.1339145429865421
0.5463955864004482
0.642390875543456
0.4779136715050071
0.5839993289564389
0.6376426015034529
0.8275130186797808
0.1410138845526973
0.16682407551889583
0.22313905785812221
0.3769730784372185
0.43322699794457153
0.6001333175362071
0.1755939214301655
0.5537219375793907
0.27179315590121156
0.6945188245744974
0.4075799940185429
0.3944118029834141
0.5376230201991319
0.42171727317363167
0.7460775017389369
0.09230150800964754
0.6156703436362567
0.4847525000064866
0.5645319955211232
0.18131920234264715
0.19732209004905338
0.5048595712360927
0.4933213111193012
0.4473151710619268
0.37192174846742293
0.8680162088335732
0.17362419520347339
0.6486318676162941
0.5465016193759883
0.36141200668621093
0.6464385263949874
0.20301142828997853
0.7709235734487538
0.2749495906290093
0.5716449282245897
0.6691641737616254
0.16922083784514869
0.23746797644308848
0.4081637807080934
0.40357356305375286
0.12710546373753295
0.4976634545813564
0.4344728229912939
0.5555206220467674
0.5380794969826381
0.6468242902894106
0.6832213203122537
0.42758776863935133
0.4741277704992287
0.649130259376592
0.45679456459127515
0.32063250731928117
0.5756832305228408
0.566086329479884
0.5791116933864777
0.26599481809137654
0.14577193303746327
0.7540463813287432
0.23138711824076186
0.23827353361177012
0.3699925522106714
0.6040293432340851
0.7237437566143006
0.520510452254787
0.5362686152398125
0.0803619099066662
0.6856813814832317
0.4655154741364568
0.34892654369709725
0.19654610690036967
0.7224153085978795
0.40961907433247846
0.331543255591059
0.3787971985629622
0.2562447072815717
0.13433839256669122
0.6355602179293914
0.8502261472981925
0.6481829417018441
0.19798988519904254
0.586417612178541
0.306113346569065
0.5117124846295731
0.8077858548954824
0.3576416221596188
0.26937963272759463
0.37730972130046725
0.4450672574602963
0.47937519076168666
0.5553070650829327
0.1134875470612044
0.6554527537779067
0.6411211266284511
0.3730235110721116
0.2661969461696488
0.5747375307025592
0.6658267092406773
0.5397452706729857
0.522699804435173
0.4509183139304634
0.6067408658406854
0.4524222407995065
0.5364343660181183
0.2651092788290073
0.5439200568190596
0.3891498138332931
0.4151443103927143
0.3516847528777162
0.3277407227125307
0.3292126779345098
0.5271492593754609
0.44639325385349177
0.21019663724760385
0.4585499519717577
0.5676176909426813
0.5156885769440787
0.41988319285810444
0.10890864936766992
0.38244068089229627
0.1993258701748855
0.6778308338070091
0.575133442568771
0.5904977055480289
0.5557432538784788
0.38943081343200864
0.25161463950966895
0.37316820554080615
0.443455120771891
0.24508711794848803
0.5446732644400347
0.18448739656031005
0.6016792563450735
0.39915474725056566
0.5681906281869049
0.4013786277026273
0.31705366704114984
0.5178582768525624
0.13085655152894476
0.18180000598804075
0.12382862953169
0.7808459251857339
0.6322857767720225
0.34304561384639615
0.7149628205661667
0.3184111547859069
0.5819876830494408
0.6879574207097878
0.45442850215457686
0.26969821216741824
0.5821331171723135
0.2662974423389643
0.2719616325609426
0.4086587512134645
0.49691365891438527
0.3800289531193893
0.16491772156391898
0.4365130141254888
0.2760869894075856
0.3756224266422042
0.31322787005280156
0.8809412860857717
0.6182604424718232
0.7666565564149019
0.15792394946715355
0.30151807594758373
0.7443940142829896
0.21943859882719824
0.18304135105128488
0.6279577859270171
0.4725261422461141
0.8805689082623154
0.3261436309867856
0.42446832795533856
0.7867112253612552
0.2571793607893519
0.38371417390479323
0.517649926225303
0.5553877192318458
0.6973532905532771
0.5130374201815915
0.6183350344005745
0.658315715736018
0.4846125257134333
0.3337828444845841
0.3750189951562169
0.6130736252167139
0.5466153282971289
0.6017598386197878
0.6051891868653094
0.2453613244317986
0.3208552069076213
0.5909163581141568
0.5423154525583138
0.5659964549109622
0.5876802228774957
0.4965982776014856
0.4049957395212672
0.4301114664043951
0.7014499966316221
0.2973241848858812
0.529889506898461
0.6430363429494319
0.39841979515243825
0.20312344387310322
0.056285441591920726
0.45842112092643217
0.4842478513521672
0.5533371634409383
0.33576257952218674
0.5908320130772327
0.34682418104450485
0.7730313336289207
0.7369195780808215
0.7525310120346337
0.5808682792686343
0.6426147483818071
0.4352820515158024
0.1518390621028871
0.4146867946877171
0.2382177521543381
0.5618081986218245
0.4012193393612111
0.47540237172322775
0.3710164828089794
0.4134724553191435
0.4856884464456233
0.5176548060037951
0.6168927743372206
0.32649764644374973
0.28082056280491924
0.40500671716059455
0.27173809197377513
0.24091215395681648
0.11421452057654508
0.6717176186818743
0.8549433055114466
0.6579697064036019
0.4935338204884878
0.8497916702582313
0.6528272975113775
0.5113280144695115
0.4171964898468007
0.47612985452972745
0.2375993708327343
0.5180168803292876
0.5450456954650347
0.24469523069653248
0.5317694615104798
0.3602142164731256
0.5318511148980243
0.5231393012889434
0.18751007372575984
0.13990131999953304
0.39848483570084264
0.858124341766979
0.362677385839901
0.12372740981866326
0.6062558151496698
0.3908196718048349
0.5008253725405035
0.5050991090357305
0.40285308732680525
0.6972787929227471
0.30967763505418683
0.09775582758418999
0.5578926360522767
0.2553523274104688
0.1624332493259404
0.5208686023631675
0.33013398021468643
0.39697129400674247
0.42115236563856895
0.4475969975873033
0.7158800118947417
0.589935565471563
0.7191648873957851
0.5236537567571845
0.5871721928371783
0.6612216237528288
0.3766691431036162
0.2449605190633653
0.4704495699536459
0.41071645832326015
0.42176454036143296
0.4060777485028422
0.5128610957636406
0.4355742994790319
0.5519573354170582
0.3722902327248057
0.5336708735228761
0.5016705472551359
0.511026271465069
0.5689889223500979
0.6601364934716818
0.7383797026096004
0.5036860246448696
0.20451005252271864
0.5275091899756843
0.8440246823996365
0.39864521862621427
0.42764765104667124
0.4010576077498641
0.3483406607773366
0.3208151531936955
0.33601350858954376
0.09955226738229489
0.6620813319698344
0.11776260950758882
0.23322100242155336
0.48710177120720843
0.20837022437029867
0.24363214294273972
0.6881744821556974
0.5938151534433426
0.4908045286999751
0.2692764091681286
0.30289855064118926
0.44181474979251545
0.3977135180023722
0.5821380268628642
0.6727340222858309
0.40176602220235014
0.16167417227452086
0.3265773702973875
0.2625571190038806
0.5270786193968433
0.4458821782293967
0.10217334142266582
0.15175728263127725
0.4077524162368317
0.40272684189304675
0.6087496163291033
0.6699500547762811
0.7452949887373146
0.16401964126343604
0.21364542534601955
0.50792786308434
0.6492554940051529
0.5409783234971077
0.45043277150425676
0.23661495814151579
0.1482595684569326
0.5215304180656299
0.5483101888664187
0.5027233648878124
0.6345352253594341
0.4722972811698937
0.3123622519008895
0.3890080668224624
0.49168834917027604
0.5284860341342333
0.7274112777857912
0.47446739282177114
0.39031050046809185
0.7896861719011434
0.6433033570884744
0.6246852433677201
0.4317024853274443
0.6484096443956029
0.4069872157178638
0.4582198261749253
0.47276149496525804
0.06582568568025515
0.6732913099279255
0.2759018148160519
0.2938786381413006
0.5812624708626799
0.5079159881578263
0.33072706364928156
0.3792613600025498
0.6124772515929822
0.4821804406588654
0.5651282197325584
0.4919006956211498
0.4485255344473334
0.3204627530937525
0.153758079037926
0.27505022366720616
0.09853423611311007
0.4435317587503427
0.0861346341833506
0.8776180254169292
0.38973591361766036
0.8425469893343687
0.49918075338635254
0.19953743610464764
0.26604508614967376
0.5065546386832871
0.3750546449430248
0.2881926207902569
0.6145360839463252
0.6583153396848178
0.46433283844384987
0.794360808866982
0.4108315823928003
0.32976652181294824
0.5928145473740472
0.22730584671417203
0.34639052487897076
0.6835943955233366
0.39016249967673516
0.5683770546733966
0.2793517491782978
0.4452603242490322
0.5031986141977667
0.2091875547398227
0.19809536126907024
0.7071337780978812
0.2769105227714444
0.31346786073279875
0.5261074747900528
0.2687188799131251
0.47447085984936926
0.4894551882974986
0.290728547343854
0.859984581994149
0.5755760344916288
0.7089588532872741
0.37021887042971147
0.11576210381671698
0.24876973530728191
0.5610059993804484
0.11739514851930338
0.7979572091621516
0.6455040226315936
0.554094960030705
0.7300972930458371
0.0874521348611828
0.5862502635893664
0.5037111553721891
0.6264440621810543
0.4029579995888778
0.1548574621976319
0.17156529654960329
0.10923945894314441
0.418152305676237
0.7572441485675301
0.5397268705616364
0.3932686723708366
0.20825027210130892
0.6419938646315932
0.7219695951987573
0.6467306229543672
0.23803753880889694
0.5895230947663221
0.3234009524853993
0.5243087609299525
0.21012444747830328
0.3949753697700191
0.19885998767437102
0.6085502035881727
0.436253982805083
0.5874476653098609
0.315472547221257
0.3980801447945062
0.4249742436589707
0.5587162112561522
0.45651558843677764
0.5761722473084667
0.3135693652745879
0.316220049814872
0.3002878487505367
0.3446427416995392
0.7328846856045724
0.2817578003333683
0.15487494085739523
0.1819361288414551
0.3862217837461786
0.5411468764393861
0.3978121976473332
0.4106309648379118
0.5481347024148773
0.26240626485911217
0.42941247412618894
0.41400624356584104
0.5869229953489985
0.3670563481938882
0.2791645645802394
0.6166806863605103
0.6430211753319381
0.7095749211464428
0.5785222608632338
0.07654544762291854
0.27045041632464223
0.7633679673179161
0.5784172478771443
0.8823612803897649
0.813305909712094
0.33483811575094
0.3801666690948387
0.24919943403380068
0.20444542889561318
0.48469475456471106
0.18869650783228714
0.7204729455038212
0.5210369687591363
0.39440625979916155
0.3616305866917846
0.6889394772647908
0.2700360367471151
0.4675244865114893
0.39639362240004883
0.37972692221247784
0.2888179136134573
0.7349927039150649
0.8737793864557646
0.4950614168908279
0.588978301641089
0.5670008435583773
0.14297063904672452
0.5286269021412828
0.7487760551906635
0.45980608478224727
0.43439033882565486
0.0966114745631454
0.5080621289454288
0.5142104814768014
0.35557835206945654
0.596051764080396
0.6658638549308489
0.1762578940517065
0.7070425324961498
0.5567108197317843
0.354520431712811
0.5292195244214382
0.4573018440857632
0.5319298794654739
0.19997321949937408
0.48191213444915604
0.3392631765639892
0.8601939482496468
0.5090324759904997
0.18738534098404275
0.4642262177415543
0.5970892350727341
0.39070464852583536
0.16611044918800005
0.17088963919302158
0.6564554253291044
0.517393704200996
0.3362490521938739
0.2818055258755678
0.49547147902182975
0.6511158597633735
0.7686347020453479
0.26559781796687615
0.36934110680575555
0.5438160588091591
0.24820232927944036
0.40155099588419063
0.723283477946614
0.46935194515923795
0.5799732762932355
0.6471249847984419
0.33680356651285126
0.5286572439018864
0.5549296170233828
0.4081381975742064
0.5663102720343627
0.5088064653574876
0.7177152573459047
0.6475192343165305
0.3452701592318203
0.7988164924958372
0.444477236254192
0.1486951974927233
0.20369156771388092
0.4929891390455326
0.4976317506628191
0.4025784425012061
0.23385626598297105
0.41605604240716776
0.22806984494337762
0.527295576478711
0.6194587040449357
0.47584292628994274
0.7465294423898694
0.6770278944467456
0.49903293814128086
0.7550056930970737
0.276721944585222
0.48331720077067253
0.3500708259541114
0.28539757173568125
0.4433986761882343
0.2266393249676215
0.3290564242900321
0.3885293227599152
0.4071628760539671
0.5348001118533499
0.5677194548145916
0.34440983434213307
0.48151518399759285
0.5145974676499661
0.5541525520245865
0.43738627331301255
0.4610025462441072
0.6508067588089548
0.7126933120172876
0.7409806147052711
0.2962500208267291
0.6214260798022065
0.3574770435250499
0.3191252009887228
0.4444231990765895
0.3106954246229363
0.41583049668893474
0.6943450622328111
0.4521793295235108
0.27268529347397774
0.7664750573043999
0.7380821411739931
0.6955155574660852
0.7662373024114282
0.3642190129170569
0.4242186427206151
0.4890016557719286
0.5842427826166801
0.4344314694190871
0.617025944936022
0.1762616716648973
0.6601284035712474
0.12565825375770157
0.3455412057524324
0.809829943427625
0.405137507754709
0.609590000019705
0.1618171675365922
0.49313229729094005
0.6147939685148514
0.28495005648625465
0.42076424602549295
0.7172478163881291
0.8359460709801154
0.6716661409687332
0.3015769242894443
0.19066511794883573
0.5407823889350489
0.4428534601639248
0.4974616324385339
0.4125155799943672
0.4081229492206849
0.09327898280920227
0.08665276870202615
0.3095736050285219
0.20076368054344346
0.3670612316505038
0.630274314442989
0.5420201904172964
0.16491374018921495
0.5674988203837394
0.64203005054237
0.43672794017871613
0.5942651382930927
0.365374939355452
0.15253946547413427
0.2790367061522857
0.21492801597771571
0.18250486212158124
0.8476761885323238
0.3357474770626515
0.3573883851628858
0.2732915830786549
0.37851799891074145
0.3687663919068252
0.39108933299282356
0.5260985311747416
0.4510422246815218
0.680811864733929
0.24145041232249165
0.36427147562768697
0.5203707894022928
0.2647133884387734
0.7371915463580279
0.6174134135698373
0.2605720068988891
0.5295292473243733
0.316545403188364
0.4767910441216375
0.21867045904838422
0.3475256545473051
0.7198953938605959
0.23229934606280084
0.29740092820813896
0.6291697429677903
0.7474839225583578
0.5477981777669247
0.7136858928976109
0.5821009922308719
0.6723789737446239
0.6902529086785982
0.4399953792367354
0.5844378327334667
0.5231920041386153
0.5622663642362238
0.48014488986597437
0.6240124410293943
0.26583376861836044
0.16420561843847148
0.5869022687844365
0.1992110161443451
0.3329069106314811
0.7863832220839766
0.3251844466026846
0.6428135695211705
0.4632631582215819
0.2978699464727162
0.241834898337759
0.40658629571932176
0.5812029281993254
0.43637849016797525
0.3710107711423273
0.14515672301191018
0.5575555632766951
0.27788003974081615
0.3137304742552074
0.564593444902689
0.6453742210560625
0.5224213661896502
0.24188293752787204
0.5599005183247066
0.15540877125495856
0.20112738928060098
0.310960129812612
0.40750829015099344
0.3248372131612274
0.4305250289019626
0.1854628535055594
0.3740537760849921
0.3347661456118224
0.48692530269783985
0.5782774985289905
0.20406456965276204
0.4295752617822809
0.14575847598120822
0.6724099965718203
0.5687803098111108
0.4926983344701556
0.2902593123042672
0.5307676059671225
0.3344184219461115
0.3722823811634161
0.6824137448792393
0.5550212909371111
0.33855482427150135
0.3083566436922995
0.2124572459113595
0.37312632492151615
0.2757273849255604
0.5951831748287593
0.3650277409821246
0.0687063232043289
0.4209395262976353
0.6693194187866397
0.17050709810061376
0.5766468791121981
0.5242996620813719
0.3229673180580534
0.3089965469301427
0.7380151050022217
0.16924526266264023
0.4992869089454686
0.29350449606286566
0.6191146588616256
0.3188430293957834
0.48398123899723
0.7682285028779439
0.5702534145122082
0.37418391791328975
0.45279306008711057
0.3730702693307217
0.3747277888859705
0.5034984154240412
0.5103752416265392
0.8458412690544437
0.11724999730992625
0.5018574395465295
0.585802747060155
0.5247456085026848
0.5239797212393698
0.24373511569515854
0.5290562200908288
0.6231822657164954
0.7276990192797321
0.3756775124270095
0.3628289817491619
0.521094266420105
0.5571209825929189
0.3753513796726515
0.47543687282090685
0.45319085093033723
0.6562388631220646
0.2855986646927183
0.1412422403700958
0.28520601239185633
0.16280978055369455
0.4939294910584046
0.5118594138328898
0.3592147631185087
0.6471025488737665
0.7095964832670598
0.1098309697855745
0.22269448694760513
0.37635280714663377
0.49176643232314265
0.3232105910814679
0.2998865181408104
0.5136061753059925
0.6339291041841475
0.49917114289269676
0.5426997672609795
0.8212700637463881
0.45669651658540167
0.5484426154905486
0.6330181120552255
0.3280956658143478
0.2977422953800202
0.767834706269259
0.5316724820781229
0.20265695164102587
0.2272631730407531
0.6321925123001639
0.28190823213522725
0.4868059403603811
0.7030064454876457
0.8463213080499012
0.5430399625493672
0.8254471632364908
0.7595899066003984
0.16057067635397004
0.3030649457245544
0.766541349204517
0.6033361641492678
0.3743865738021759
0.5165449010657557
0.6451667924287097
0.12616313939802393
0.433950302950462
0.4119126051399313
0.6804958859522454
0.4304620023283416
0.25447389953574767
0.3825201385639789
0.6515305280364321
0.3203066112328451
0.13353391173291157
0.5940253427393938
0.16694363200114198
0.06299000725005843
0.8265365194089678
0.2625659896455409
0.6410741613631746
0.44335093912177603
0.446341270663443
0.5736940795924075
0.639275623768729
0.48814232380686273
0.45329917838756056
0.43826959853514846
0.7580053895590093
0.4697488686171807
0.5343632191876551
0.8651475384357261
0.33002247619634406
0.27748123833253013
0.22099091065301807
0.2563003827010537
0.3751034424425858
0.7349517836554712
0.24001082949157265
0.22232280737025745
0.2578952555927439
0.5240466540313857
0.5135136445311526
0.6404694357489986
0.4265744328939995
0.3473258493882208
0.3867225014647089
0.3719798232986194
0.5450387952126261
0.20331489954014142
0.3685964286823636
0.6109008330640155
0.48069149101333947
0.6524444011135777
0.42478675617706424
0.4769728368871447
0.35033287221660003
0.4439219480514887
0.5672584718962312
0.6315676682625663
0.4273705027735023
0.30554320236813237
0.6625343642390641
0.45038712760511734
0.32042204080385916
0.5565185832127946
0.48267085239865637
0.47172863763364237
0.281967361419487
0.2232729088638768
0.2897818045206735
0.4362895395415356
0.49690920044648706
0.7205801954630602
0.44238179007861894
0.6098109582853063
0.29855142037875226
0.3977644758176135
0.5178709601022897
0.48340987302559457
0.3132515355430038
0.463466945834899
0.3741839342916698
0.6705368976793542
0.5836758567027046
0.5491391611974747
0.16443039966408013
0.518423327610053
0.44228120377752944
0.2940874247219059
0.5134562769013491
0.16999286482100612
0.5405070629451323
0.5580695869759816
0.35065298637080505
0.2527027478183509
0.3667722453543088
0.45240172459731576
0.3598718864554177
0.14861541370784503
0.31376946412212764
0.5479532887320326
0.6820450270209415
0.4240734095895068
0.17696430016401643
0.15187475864904698
0.3567029261388283
0.4371446499322208
0.2150491851583683
0.3624171199703486
0.8592661280987881
0.7341621235645683
0.612966856583417
0.3511301478413179
0.46401233934502606
0.48224857940807386
0.33672593538287227
0.6149190929571926
0.2275435151234556
0.5605686506657176
0.4783075058602256
0.2848277890184989
0.16065927825809573
0.24157892724658492
0.7658208850680621
0.476250235004232
0.2674578628810856
0.40956769728071524
0.5113868894016215
0.19712901640089114
0.36932362019718085
0.576007610946418
0.32029018248500957
0.3334460519478089
0.7065643954301329
0.4037240276794869
0.17716170738098574
0.12760820881637758
0.29375571287207325
0.7005235584053757
0.4122829373989433
0.6257024861181915
0.43176381707881284
0.30860270009346397
0.6771101582792394
0.3703651050631842
0.26205940306752007
0.5494681966120052
0.1954136628401748
0.7055783391020514
0.46346989243321823
0.2623639380586633
0.31267257680481403
0.15082124561726878
0.6597267967022744
0.16517937091719176
0.6040122410569733
0.6920421262761697
0.4213757416625234
0.4308475061545039
0.5605573034759981
0.23618922637972584
0.35579591970810953
0.3421306202835365
0.3487981051013534
0.48397850532487074
0.38159540582559387
0.5871534000779848
0.21645536401989052
0.4300153833739124
0.6353465854841516
0.29238663984527075
0.16346458292755356
0.633634395527509
0.7044682092902796
0.3464475894449106
0.36409820578648416
0.5994094011941462
0.5762022038822805
0.4611495061620021
0.4253204575090765
0.2352040145864729
0.573352481145143
0.7521262775239506
0.3452550920519555
0.3564845574477399
0.5870814937651005
0.49010478167724186
0.5752235051080539
0.5942156843345088
0.13233542679152133
0.5412904164082467
0.22566655472813701
0.25243073542586764
0.47510520489857855
0.5038946003534999
0.33256666556481446
0.6649951255647935
0.8106720057854255
0.5100335060262962
0.4274358339145834
0.14916587044672353
0.46043102629983024
0.7830946266329215
0.5623083895055048
0.5248372931310257
0.4924492096216594
0.442316704891792
0.09422037551287443
0.1842707405113581
0.5929368892325344
0.7123476324415734
0.6166391739455717
0.6958161081238774
0.676386030329654
0.4863262485986492
0.47631425366977376
0.5772319634340586
0.4389614972611576
0.26194085620306884
0.40424080810375707
0.8082207905467715
0.32941529275502396
0.3722915741791822
0.7843498218219416
0.4267252843938283
0.5354685934048842
0.40424864997234244
0.19261191439958925
0.38972364711869373
0.27155909162738456
0.6741345450841346
0.10922296089947608
0.33781232559189767
0.3709793995073598
0.7733772478869355
0.13557103410812366
0.09804687080096774
0.44448401776680085
0.18214448241689535
0.4884397508770925
0.3035759864726721
0.1865847614664879
0.23991571165140374
0.7688591634410196
0.14154751817769995
0.47334338673344406
0.37460191418234995
0.29566674667624865
0.3878896861590916
0.14338023746934103
0.5506791094688934
0.12656997253133445
0.22785127183496573
0.3244908956181955
0.41961823918203084
0.31741751332705903
0.7374962258750025
0.23533294291790813
0.546665645696233
0.12946387275796972
0.6227477137966452
0.47343121541553373
0.3556965871276764
0.3352551108614542
0.5195975131585051
0.26561065096535136
0.1718955181293248
0.35132837094293123
0.47008483144885166
0.42368272034058657
0.33599346304451017
0.4936903344557247
0.26195497795216993
0.5967515536503196
0.3511309878928246
0.5315371444542183
0.7658985615394008
0.6137260918306958
0.4305323190258508
0.2593975070671266
0.4194400564047354
0.3997232359491572
0.44030117365581584
0.7017733914119635
0.3087646170344215
0.3865091776399923
0.8031950785824148
0.6510738063465502
0.6766738143854314
0.31880596831661234
0.10464791404767326
0.5265226929327984
0.6255542349807806
0.6541800301006803
0.475139499746072
0.4931041159351386
0.5777678477424492
0.45660007174230616
0.43910133103915805
0.4537155392745261
0.15448089945744603
0.3462217150821025
0.3376888992426491
0.26241117437262623
0.2029657652330007
0.09925370767427721
0.4558410873397067
0.125827879193945
0.6957546571845098
0.5699958495573878
0.5483131469231024
0.7105050564973863
0.5631614159747445
0.516437526821696
0.6608429482457192
0.32269195995973354
0.11835201111722471
0.3434007416748345
0.717195255518124
0.440658092073266
0.4358894560578223
0.5088243529507113
0.2525588726770766
0.18691421925124957
0.20896978521409698
0.6884858192599157
0.17294517166711965
0.32882393846663643
0.15677045138756546
0.3960067277318299
0.26110029971871956
0.3116187284047876
0.27414145279020885
0.5062858024606853
0.13644098459424664
0.33765545363719185
0.6013051825654426
0.3130883594239021
0.20586010904800994
0.6988031732918416
0.1376981190527899
0.5804449356342298
0.5951694922718523
0.5720168208456008
0.2725479701989078
0.5978699450723364
0.39540000362449607
0.35744740061624275
0.36021540119194007
0.8622554834183676
0.31364211229478245
0.16886470396988124
0.5690305969582278
0.5651956954410449
0.39004842184769895
0.26228950043849575
0.31070558358195427
0.5378535724269338
0.422125474314718
0.34425559006596096
0.377810097405953
0.4825758128386684
0.4753022494516598
0.7786375597196169
0.5412956045481634
0.37577711313086387
0.5682010436741993
0.34191022031881874
0.4512224704039495
0.27390479563743464
0.6341564555510901
0.2515453312434289
0.4928557055069553
0.44505412599650956
0.479036833122675
0.6649897806918499
0.6114896585847132
0.3168082601411156
0.20749686678643475
0.21392552711109508
0.30205300779886984
0.10767901760321036
0.2896167518267864
0.2480995040323939
0.42696354506103606
0.16893875550894305
0.5239541395693872
0.44657016286316165
0.6333920967905278
0.3135995245482458
0.7263273676146794
0.2593017542454537
0.6787445243458782
0.5838564591894628
0.5861556813866389
0.7642772674908913
0.12008521892430146
0.5966906137561363
0.5771088397903651
0.4481063851008609
0.3711974735662956
0.502272752305899
0.19400175267582692
0.4429667784067228
0.5220525455567815
0.5929146678148579
0.4975034243026979
0.5487402970694044
0.797451937306628
0.3225861508184629
0.5251207933095372
0.36481675528702645
0.6722662229129965
0.372512849286208
0.1391737669210864
0.5353728471632146
0.3725892621364393
0.8391469084726788
0.7140919553271856
0.6456918054655034
0.5685489577650176
0.8122325551349694
0.6660488275571583
0.32709983192609204
0.18040204676135085
0.4077964566065977
0.45641036481752356
0.07485168185475499
0.2732232320412724
0.29592451721717644
0.4687838315058523
0.32808264778371565
0.5279764875939938
0.6393329051945493
0.6414766552797446
0.33202678205341357
0.48955731781969253
0.1678686847627972
0.35947507116904265
0.1228393281916228
0.4217813264855924
0.7068154827361657
0.5979312696983283
0.49742229051686615
0.46245091274156225
0.3680768888737073
0.49463455224987035
0.5942905633380728
0.6859500815149391
0.5407118354465507
0.2815189507471202
0.5786403583811042
0.3116536531843839
0.5394785270523237
0.33100411626060916
0.482660902467376
0.45049471096637467
0.17251600906260617
0.38859554448642286
0.6059845836868425
0.19401663724089824
0.4576447543121053
0.6357351176598812
0.6586434019577558
0.8864785557592054
0.46523684283470623
0.6094301167607117
0.13919501528381545
0.48458950657870686
0.7494235405700918
0.24718296297780623
0.668371358996221
0.2613658384020557
0.5521631504239233
0.5097033302691485
0.26231576053335637
0.6114867863154108
0.5767415004268573
0.5595691692221216
0.36557906897216247
0.4878930257122704
0.3823904078931518
0.387155916098943
0.7530798568809082
0.8405824092988887
0.22086702424658372
0.6298482354666164
0.5426852564990459
0.36371804792440304
0.4210199663402001
0.21876611518789113
0.4252399235296801
0.16022093103856977
0.08587988289436638
0.4079156736259787
0.6176265241108566
0.4645187439579281
0.27593865203141027
0.601036743098714
0.5651033559009702
0.31964688957501747
0.8723188812531129
0.5525304825310893
0.5414397037146264
0.40952901652186613
0.1784430039923861
0.30303892964727225
0.7300571503452993
0.5818693303628397
0.09622104065202741
0.6081090716889888
0.5967425527071296
0.36102723718216806
0.33467421646322215
0.3514466629841163
0.39605189987508815
0.5810963077963991
0.32855769178008365
0.8314341049028013
0.5133360733332112
0.8086159682022661
0.13349863581383492
0.388891057516189
0.4964781375982503
0.10294210370186008
0.2861432353056269
0.28801688457964686
0.3442050187629898
0.7056854794059533
0.5407822117414711
0.6305164636711704
0.32299847249838304
0.33250753795991794
0.1950771082342535
0.253173910367199
0.4340883301590959
0.5351334520442197
0.5817837753816029
0.24432028013766127
0.2943093784199535
0.4701768476322324
0.5836777929147727
0.36630630822038734
0.7269742723934008
0.25701598051557867
0.4121439169247006
0.3590289026080828
0.2776126169229525
0.6408952381953978
0.2900655692206925
0.3930004380115724
0.6873636463589117
0.374493882830221
0.2327916160253446
0.5347776238601657
0.5482783473948807
0.33534406341156847
0.5613545650436618
0.27074545186430227
0.4285012755330559
0.5995347845660919
0.793970959956255
0.5759975209440047
0.40694755022895057
0.5497239187902581
0.5202700282821616
0.5315925545495821
0.8299469813803457
0.2635704027369144
0.3934498189123954
0.24836409590450953
0.5549984631080571
0.2268720025919711
0.4652671519341241
0.08460152219905542
0.7222797057314508
0.4734297120999429
0.5087596219717503
0.7023042294606228
0.786169673995571
0.3362570607178118
0.17248834726060364
0.3035347990857206
0.47133480842531417
0.3816755645559564
0.14415030604959894
0.500085230440092
0.28376833880306884
0.09187665570447984
0.24648215174947025
0.5457500163220651
0.6011903198421711
0.5024737063195956
0.45639264268505536
0.8312462635207174
0.6214607556779359
0.20716545679279275
0.2043694567221328
0.2580860740683112
0.2896694518392916
0.2959630197003226
0.29236259396103637
0.4476157470185512
0.3693476643452839
0.2737983141613051
0.2702238703427721
0.2179772382653965
0.6954237943142101
0.49524348392549516
0.12410280993793638
0.8028574389975525
0.39207339069483343
0.6525027958741678
0.4671661081342049
0.380313608022931
0.49043461650581865
0.3282813674377389
0.49376755418886376
0.5085686866042768
0.7812200272050547
0.5456720740480576
0.22824698861515214
0.5572692217216902
0.7855424216428488
0.5574614011327813
0.41904174301284813
0.6630582024644833
0.5045209403140836
0.19316138586873954
0.6359778767431516
0.3334620803035181
0.24536851996940878
0.17353836451758592
0.3829408564226948
0.4910588972615413
0.5814233565532241
0.3591693138449712
0.5566450524593781
0.36672354675799784
0.5822087027940024
0.455013875508737
0.32397451569994884
0.37307299284557166
0.5869378143232888
0.44324060733629206
0.559738796301002
0.2666916916320891
0.2079688230668687
0.5975454894166841
0.67607338967435
0.6192865261054519
0.5458941775468293
0.3834650453647013
0.39959504640414895
0.39745743713898374
0.6562024840457577
0.5521151932707704
0.18076602334274555
0.7808870599031124
0.38446136573915535
0.7555261551999943
0.8521762311640777
0.5289375029680148
0.4634051945090642
0.33576826942173765
0.5504527457481361
0.7551404836588689
0.43556486589797755
0.25374869929742233
0.238578787741606
0.45511158034497085
0.17497585366050322
0.38888025876226706
0.20673189975725836
0.8217300983915199
0.5633691698822554
0.5714711305296765
0.21498251688933678
0.20169626940819196
0.30456941278139393
0.11329491784628343
0.350055605104899
0.6662342351106567
0.6454914445018745
0.2859009513576916
0.12398915083253936
0.7067622851343007
0.6461901479507811
0.30156677302654805
0.42858171759590413
0.39259119582776575
0.41764020570485405
0.7294445937616831
0.34672956333276644
0.3478186695930028
0.1620993599160498
0.37652893000630594
0.34832234352103647
0.24557672411549258
0.4481471518104351
0.09781502533688419
0.6426371568246777
0.6796403116201684
0.6383236719217664
0.595210131400526
0.21551936853915182
0.5521378324714863
0.4624592781540216
0.327058695427686
0.6084926878008086
0.13019922704918396
0.3702826842753959
0.2667063006506848
0.1766307595396942
0.36221882434658204
0.374945157539884
0.34105677040545235
0.4201779257067779
0.35088436708168047
0.5049087846606766
0.539486595082421
0.2987301649182203
0.3472954663313321
0.4069937820033416
0.5703376943747112
0.7766768039559739
0.531020095900838
0.1417488392885956
0.7440714925758611
0.4436713830427778
0.3679815398942276
0.11641525767577149
0.5533010454433712
0.5147693307623389
0.32331911407401037
0.631974387946403
0.6562101628589534
0.35751111613592573
0.24548438747398454
0.2253749799463724
0.6176541347887943
0.5505709388680893
0.5051665186757752
0.4769135147310842
0.2845775140511235
0.3434401957233373
0.4610912867062906
0.4931209637323358
0.27223837364717834
0.4258856479886164
0.29428532256740253
0.6586927442777241
0.34939220947496724
0.3727050918715468
0.7236125901064061
0.361749220139676
0.5079789988351769
0.7504900319440599
0.513519603537041
0.6436895065479724
0.53369013472536
0.24748619727571008
0.6939238148728183
0.5582221506470411
0.4155288639719401
0.11781608575198493
0.39574081340565553
0.7378106949135481
0.5568169594852506
0.3584226840435532
0.36686584310656406
0.6995217405931436
0.42528888436369705
0.3184265457625464
0.41348035360642593
0.1985573624251809
0.49957124492327687
0.4232243069336172
0.47101151680615383
0.5095538318952182
0.10112291681731223
0.08899213315119592
0.6935841600835231
0.41422577792052484
0.5313926354658123
0.06620021468485798
0.4693790241620273
0.26279799860094083
0.6153863233707466
0.6148918189182373
0.3542725530860666
0.4213783963444974
0.2849060072838631
0.4143248277858388
0.30719233002556473
0.1126886006216109
0.5069531911490694
0.23908433427908254
0.7079381756739085
0.40637368607092317
0.5962889123857034
0.5776079738703825
0.3102602548686491
0.25218419558785515
0.6241434522817941
0.4137289461439258
0.7360002776224468
0.5324967053374773
0.28904396799914506
0.5909814910052444
0.34448819372918976
0.6423219985178129
0.14474366484661128
0.48583279906323273
0.4257166926844945
0.36311426182555406
0.7150383932154989
0.4447054348580484
0.09426294370493304
0.4465069830100602
0.2052469704156708
0.5861876557240604
0.6685276095331949
0.42223997652394196
0.6690515992036272
0.23442915409916076
0.36232791750239746
0.16267772800614816
0.6396616529672026
0.6844336083747988
0.48909752111576665
0.129147989381649
0.17469519269612532
0.4415202915227101
0.49323094799893186
0.09193979244779549
0.6617258799875585
0.34582204977497016
0.5205180165879828
0.7227576867626424
0.33445108108342897
0.5915168794855568
0.7310263055307342
0.37687414931262964
0.7849706553763489
0.617804708688692
0.5834976678174808
0.7463865006362347
0.10364925737264269
0.46779321236135807
0.07851755011336653
0.6152691736228519
0.45338791449719684
0.6680941479939921
0.14559460615160025
0.4893276715719472
0.4938095679316071
0.8262722091381547
0.45764520771854106
0.38440243750901315
0.7654851935647594
0.7967957324096095
0.5592400965349993
0.6963760846387268
0.6727941340715122
0.13771257937237563
0.04131305232609145
0.4273990464457029
0.3413273031028564
0.343903569488696
0.12883033809827704
0.3997782782389158
0.6619061540305091
0.6766613634860241
0.2908080983349535
0.37303150445609584
0.5382509880909362
0.21594902017711387
0.5585116530086109
0.6609117433212486
0.4398926508711372
0.11410883727697785
0.02820862380515199
0.6065034186680807
0.76169556334776
0.8006013742095412
0.6025796245221384
0.39620166090510756
0.5889351867318862
0.6882838610684073
0.3253686813345626
0.27314896466782607
0.5592318747912008
0.23944187630297603
0.4214106495232751
0.21077116547160657
0.4192002419130813
0.3062629819257762
0.4413958370153904
0.2887399663185988
0.29177454105314676
0.4884662458044082
0.41303652448661965
0.1887370402245831
0.16973211485825362
0.5926950574253687
0.30353095200915353
0.7676579223500442
0.4864433068858681
0.4405819210198026
0.6412621448195095
0.7116687174904146
0.48106578078957374
0.46444936865210745
0.3992864569116097
0.23262757600763712
0.4247631584651942
0.44545037975624946
0.7192604387213587
0.2201884879372777
0.3379405455341598
0.6504161413135443
0.2996086457557822
0.06202299943431916
0.6305600788642622
0.20612836191854245
0.4867564842349436
0.48822744104580656
0.5676782003078018
0.32399166196798773
0.3562574727645517
0.34212316790987574
0.41603902808219284
0.4835116647726895
0.6259980269895185
0.35699004307387994
0.356469114497402
0.5315196777543469
0.258446931040783
0.57769789457194
0.2784403920124785
0.21690156938227706
0.5849820151540481
0.331699308279009
0.3762512010012397
0.1592739775802941
0.7769273712047642
0.5779701169042339
0.6874167599051582
0.26653548383369674
0.5352906983522789
0.8547010759716933
0.46696312909795873
0.3349555090408081
0.5171967832366711
0.6152956341504443
0.40704409761877514
0.5500792928025175
0.27411603044638644
0.6021914910233783
0.2645192579560193
0.712999401815887
0.5518889653740554
0.6515130835464034
0.5755420449276822
0.6463065512156096
0.21032631646107475
0.7642153980534666
0.3755171116472905
0.3163475768734671
0.49152187818744175
0.7679518565868515
0.19491255144668496
0.5011370762987137
0.07411458808839044
0.515930798477398
0.5898006168444736
0.2297172363993195
0.3497505161995063
0.5399795116377863
0.1367359715745911
0.6459751447057285
0.13759936272860118
0.3404552525022923
0.19217564825518435
0.616349016698132
0.19232840858497485
0.8380683296043954
0.3273498593665081
0.6763710878958911
0.5483574280385177
0.42034613404167526
0.3942516803353679
0.32297501456572825
0.4283996439063604
0.8100083130207254
0.4237415853831434
0.48818493697712545
0.24575991449032514
0.4003126682474213
0.19867849228979606
0.5481054229699316
0.8278361393037774
0.4230328540863482
0.3411719166260187
0.29576954000136807
0.21794498932851913
0.12984463625949993
0.08768616803832718
0.737295614978589
0.7753520199391408
0.37411231253437127
0.47072172597658957
0.8879712540655587
0.47795453999319637
0.3842236741904412
0.4719458646533472
0.6967532023707379
0.4502268085953909
0.22451568534823135
0.5689515453976906
0.4902356443669255
0.5120367329217597
0.5152311462109356
0.43775577772397883
0.06864422466983572
0.237516278325562
0.4216510285051315
0.387530072535032
0.6641088843734062
0.7379428797226291
0.5618509104862344
0.5413930249449882
0.6427056537907412
0.4460073714943659
0.7507547182500449
0.4100980288693768
0.24388096849269975
0.531441482732373
0.14095184304617447
0.5959917829989023
0.4965792470470433
0.18566767319965793
0.4892135361781076
0.514844804417945
0.5093540235858252
0.1905289611857044
0.4758340360326164
0.2016785468009042
0.508893681450444
0.0872220871872536
0.480526500996987
0.4122421204023392
